68.359279195 73.8996240543 0.0986403665338
65.010036195 64.3567130547 -0.149201633466
74.9907671949 60.6645140545 0.401139366534
63.4602571949 46.1105620544 -0.0719756334661
84.4388621949 41.3055560547 0.267906366534
71.194223195 35.6471250546 0.00747636653387
91.7507201949 34.6109980545 0.258570366534
71.616840195 30.2769310544 -0.112791633466
70.361621195 22.9603690547 -0.245929633466
61.332363195 20.7771920543 -0.247962633466
81.158263195 18.1220440543 -0.181931633466
80.3366191949 11.5977680543 -0.235724633466
72.403500195 4.89934605453 -0.386994633466
60.531539195 4.70763305435 -0.123673633466
95.893603195 -0.744510945398 -0.0775526334662
89.3480381949 -1.1283169454 -0.362287633466
73.7783921949 -7.27967894543 -0.354192633466
91.832012195 -8.47182494542 -0.287005633466
65.268428195 -15.4719309453 -0.328804633466
77.802786195 -17.5254929457 -0.237772633466
101.170310195 -21.7881379453 0.399834366534
67.090806195 -23.7856279453 -0.363649633466
85.651089195 -28.1939469455 -0.0391916334661
62.016641195 -29.3850909453 -0.410201633466
92.415070195 -33.2585559455 0.0807723665339
69.144079195 -35.9985529454 -0.486944633466
81.1251381949 -36.2343199453 -0.0903976334662
63.2359731949 -44.6726219454 -0.440306633466
96.974626195 -50.7502479455 -0.465922633466
80.074239195 -53.2798929457 -0.533686633466
63.866251195 -55.9272639453 -0.421737633466
66.202528195 -70.0869569457 -0.0694896334662
44.9255671949 91.6842960543 0.0162113665338
57.589044195 72.5985990544 -0.295849633466
44.5551081949 65.6718490543 -0.224853633466
35.874166195 64.3207370546 -0.126978633466
44.325919195 56.2131340546 -0.170071633466
56.216615195 56.1377800545 -0.459796633466
36.1127321949 55.4145560544 -0.119204633466
47.775141195 50.3900460545 -0.203770633466
35.0773301949 40.3481970546 0.00158236653397
52.3525731949 37.9459570544 -0.195134633466
43.022359195 25.0568390545 0.057019366534
53.5375191949 20.0244450546 -0.107042633466
41.7470491949 15.1645660545 -0.0464406334661
56.2305621949 12.1561120544 -0.175232633466
41.1202301949 6.79049705435 -0.0979846334662
36.734512195 -2.35783894546 -0.278018633466
43.554884195 -5.87456294568 -0.297933633466
48.064047195 -8.17301194556 -0.279083633466
37.753643195 -11.2257999456 -0.191624633466
45.253477195 -12.4633959457 -0.297529633466
45.034710195 -19.0469769454 -0.209126633466
43.4061131949 -27.1060429453 -0.199640633466
47.5553141949 -35.0601659454 -0.298204633466
37.8222931949 -35.1690009455 -0.373548633466
43.060794195 -43.6772499457 -0.520867633466
52.8291581949 -49.2730599456 -0.581449633466
42.445594195 -56.9787609456 -0.525197633466
50.368789195 -62.3286119457 -0.455994633466
35.8010721949 -65.4946529455 -0.380756633466
55.2975721949 -73.5907079456 -0.392807633466
40.3691291949 -89.3214349453 -0.288168633466
45.3491861949 -89.8211969454 -0.297771633466
29.1346791949 98.3718320546 0.0786823665339
32.158867195 88.7310520546 -0.103665633466
24.581113195 82.8029760546 -0.156433633466
30.6974681949 76.2169740545 -0.187266633466
27.792254195 66.2716000546 -0.0737216334662
17.175593195 53.7296780543 -0.195747633466
26.911161195 34.2160790544 0.0178463665338
17.185424195 30.5837130547 -0.382871633466
30.9426751949 28.7999320547 -0.0398506334661
33.4849341949 19.4894600543 -0.0557916334662
21.605162195 17.7476170543 -0.209991633466
20.160451195 9.25301105436 -0.0791946334662
30.479013195 8.80931205442 -0.205931633466
25.165376195 5.71374905435 0.0735073665339
17.754866195 2.29643905442 0.208327366534
31.419500195 -5.78736594552 -0.119489633466
20.891363195 -9.09167694533 0.228741366534
24.011155195 -16.8978519454 0.159245366534
30.576532195 -19.1524939453 0.0556523665339
33.869838195 -22.9874799456 -0.022416633466
23.398906195 -30.4409279455 -0.106591633466
31.835183195 -33.5349309454 -0.215673633466
18.346023195 -38.1859569456 -0.426390633466
28.081746195 -44.5585619453 -0.614799633466
16.831010195 -53.0253339456 -0.383803633466
24.439111195 -60.9933159454 -0.286096633466
23.484860195 -68.1469929456 -0.187839633466
29.2886271949 -75.2199709457 -0.131201633466
30.293930195 -83.8817889453 -0.149511633466
16.596873195 -84.4922909457 -0.172640633466
26.028044195 -93.5254279454 -0.306366633466
18.329428195 -97.0208869455 -0.238277633466
11.412957195 100.683557054 0.0187633665339
11.3752371949 77.0810700543 0.245025366534
12.211852195 67.1717340546 0.119278366534
5.18662819499 58.9066360546 -0.223225633466
11.304980195 50.9502430544 -0.368325633466
-0.138334805029 50.7620050544 -0.353447633466
3.54278219497 46.2171090543 -0.233794633466
12.621121195 44.7881150544 -0.326620633466
13.480184195 37.7583930544 -0.350620633466
6.01913519495 36.1408520546 -0.334658633466
11.2827491949 27.6546320543 -0.249001633466
10.199408195 16.9896610547 -0.107946633466
3.05602019496 15.5589350546 -0.0615256334661
-0.722904805036 12.3377090544 -0.0119356334662
11.352421195 11.9846570543 0.0125203665339
5.92108119495 1.55618305458 0.196822366534
0.21873519494 -2.96903494559 0.259535366534
4.51302019495 -5.6270899456 0.349614366534
-0.86908380501 -8.36253294535 0.278038366534
3.91237319494 -11.4301719456 0.293706366534
-0.393011805019 -16.0403999453 0.103740366534
5.40647019498 -19.1726409453 0.0431973665338
12.2256221949 -20.1015929454 0.109828366534
-0.935402805044 -23.4155309456 -0.174663633466
8.20950319496 -34.2342579453 -0.189951633466
14.390303195 -45.1364729456 -0.510679633466
3.22600719496 -46.0976499454 -0.222928633466
3.73238219495 -55.1847159457 -0.00383563346622
4.46183419495 -72.2424909454 -0.101428633466
12.2013521949 -73.7799099456 -0.122601633466
2.75151119498 -82.0240909457 -0.185430633466
-0.532768805046 -96.4224239457 -0.205751633466
-13.728337805 99.0032370547 0.154441366534
-2.76431980502 97.7076470545 -0.0354176334661
-4.78713180503 86.4266540543 0.411123366534
-11.209106805 80.8359800545 0.487290366534
-14.428124805 76.2540670545 0.465259366534
-3.88123180502 74.6996980547 0.314947366534
-16.072631805 58.3643980543 -0.0752136334661
-12.786023805 53.7130940543 -0.194155633466
-18.136804805 53.4056770545 -0.0726956334661
-9.31603480503 40.9045960545 -0.322539633466
-2.91746780503 36.0708840545 -0.399839633466
-10.621020805 34.4401810546 -0.306163633466
-17.6004988051 31.3618260543 -0.220309633466
-5.46861180506 28.3262460544 -0.351766633466
-2.99532280501 23.9674010547 -0.351781633466
-13.4390888051 22.7782900543 -0.288721633466
-6.38671680505 15.9971870547 -0.148759633466
-9.57574880501 5.64334805449 -0.0905146334662
-14.549514805 4.33481205441 -0.093249633466
-10.4915898051 -6.58861394553 -0.086585633466
-9.97898480506 -13.8566429457 -0.0333026334661
-6.78232180502 -21.9158699457 -0.119519633466
-18.431210805 -22.1481569456 -0.0710746334662
-14.389205805 -29.2987549454 -0.151148633466
-9.84123780503 -35.8027019454 -0.111750633466
-8.78645580506 -44.2374209454 0.00583436653392
-4.23872680502 -46.6819659453 -0.0401616334661
-10.8871148051 -51.7618949455 0.105467366534
-9.07417880505 -56.4608249455 0.0279093665338
-4.93363280501 -80.3260509456 -0.285960633466
-12.608672805 -86.3111829455 -0.298908633466
-16.6090618051 -99.3186759455 -0.217499633466
-33.833730805 100.680925054 0.00432836653385
-20.865814805 82.5666370546 0.678191366534
-35.349668805 75.2677250546 0.668425366534
-18.975259805 65.6329540545 0.251111366534
-33.945798805 53.2173870546 0.261276366534
-19.5941998051 43.7604190544 -0.0900586334662
-28.507025805 35.3696130547 0.234678366534
-33.924005805 31.7221040544 0.435117366534
-28.960939805 27.1705840547 0.182364366534
-36.728811805 20.0454340545 0.311675366534
-24.6544218051 16.5535400547 -0.122698633466
-23.5828488051 7.94567705458 -0.154128633466
-36.3795848051 6.51774205454 0.283370366534
-19.381463805 4.33838805463 -0.239901633466
-30.7693858051 3.67592605436 0.0701483665339
-27.7800108051 -4.53577994555 -0.00583163346619
-31.370401805 -8.96805794537 0.151371366534
-19.543118805 -14.5515829455 -0.0446456334662
-29.092481805 -15.9229369457 0.131923366534
-35.316162805 -23.2543909457 0.0734153665339
-22.223491805 -25.7528599454 0.0458993665338
-27.027868805 -40.7996869455 0.0538263665339
-32.351590805 -41.0110089453 0.0444633665338
-19.528263805 -42.4223569455 -0.00132863346607
-20.831427805 -48.8881949456 0.0808473665338
-35.821601805 -50.5429409454 -0.00747263346602
-29.2542198051 -60.6248819456 -0.0512646334662
-20.682915805 -71.3089369456 -0.179025633466
-31.108955805 -78.2629349455 -0.169197633466
-21.329893805 -78.7899639453 -0.218047633466
-29.293297805 -85.6547679454 -0.160982633466
-28.452919805 -91.5582469455 -0.0789546334661
-52.114830805 90.2139130547 0.0786553665339
-43.227137805 85.3660210543 0.182105366534
-58.7572698051 82.0410770546 0.270385366534
-42.470069805 64.4637200544 0.505520366534
-54.2513898051 62.0005850545 0.623526366534
-37.561944805 60.3506180546 0.461043366534
-60.497878805 53.8409860544 0.633659366534
-49.385309805 51.4066780545 0.478649366534
-40.073424805 48.0955540547 0.328396366534
-40.889219805 40.1374890544 0.359800366534
-62.645732805 34.9120940543 0.567215366534
-47.598593805 28.4103730544 0.482457366534
-58.861546805 20.8517300547 0.550356366534
-47.6882708051 16.4825430545 0.393107366534
-39.276223805 12.4829800543 0.280622366534
-49.068320805 8.59061305458 0.510913366534
-49.286237805 3.48729605461 0.479932366534
-45.9082368051 -1.74840594549 0.428017366534
-47.573960805 -11.7923439457 0.217533366534
-41.6370468051 -17.8996649454 0.220568366534
-58.773295805 -18.8023239453 0.105282366534
-52.0198448051 -23.7794179455 0.118330366534
-40.045045805 -24.6440429455 0.191150366534
-45.497861805 -35.6790089454 -0.00787663346614
-50.120716805 -38.3505129456 -0.0625286334662
-39.574961805 -41.5359469457 0.0420123665338
-57.510691805 -42.4704489456 -0.0195676334661
-50.9013728051 -54.5957209454 -0.0031206334661
-54.4850098051 -68.4636059455 -0.174943633466
-43.759481805 -69.9962939457 -0.276556633466
-62.270996805 -77.0313929454 -0.075053633466
-47.2403748051 -85.3039759453 -0.0244466334661
-72.925839805 76.5970080546 0.637576366534
-78.619802805 59.6725200545 0.905552366534
-63.434093805 58.0502920547 0.738279366534
-77.612624805 45.6177590545 0.807309366534
-73.740613805 39.8307160544 0.688846366534
-84.324130805 37.6742080543 0.718632366534
-89.243803805 30.1434800546 0.617894366534
-86.496693805 21.0404320545 0.655069366534
-63.9788848051 16.8899240545 0.461328366534
-82.436983805 8.84614005452 0.521227366534
-67.536809805 6.58188005444 0.272200366534
-76.703197805 2.62827205472 0.342418366534
-92.255065805 -1.04387494549 0.681953366534
-63.240187805 -3.4943359457 0.222059366534
-65.3033188051 -8.87658394547 0.214704366534
-95.440805805 -14.1370579456 0.645609366534
-72.225760805 -16.1573919454 0.263627366534
-80.989061805 -18.2580739455 0.404030366534
-85.0890018051 -21.0543709453 0.537914366534
-68.833012805 -27.5299349455 0.153849366534
-98.8224288051 -29.5209379457 0.586906366534
-88.342583805 -30.9172609453 0.436845366534
-81.985847805 -41.5404579453 0.219602366534
-75.749847805 -41.8669079454 0.081370366534
-82.209928805 -51.5863729455 0.217735366534
-69.6549048051 -53.4988869457 -0.151215633466
-72.227190805 -65.5725359456 -0.026468633466
90.614101195 248.996456055 0.891908366534
-73.0141568051 254.724768055 0.707430366534
-208.851431805 163.155451055 0.790356366534
-264.880788805 9.29045405472 1.18095436653
-219.760327805 -148.172469946 -0.0413406334662
