        4122315.646963  386387.233947   1184.219181
        4122306.104052  386383.884704   1183.971339
        4122302.411853  386393.865435   1184.521680
        4122287.857901  386382.334925   1184.048565
        4122283.052895  386403.313530   1184.388447
        4122277.394464  386390.068891   1184.128017
        4122276.358337  386410.625388   1184.379111
        4122272.024270  386390.491508   1184.007749
        4122264.707708  386389.236289   1183.874611
        4122262.524531  386380.207031   1183.872578
        4122259.869383  386400.032931   1183.938609
        4122253.345107  386399.211287   1183.884816
        4122246.646685  386391.278168   1183.733546
        4122246.454972  386379.406207   1183.996867
        4122241.002828  386414.768271   1184.042988
        4122240.619022  386408.222706   1183.758253
        4122234.467660  386392.653060   1183.766348
        4122233.275514  386410.706680   1183.833535
        4122226.275408  386384.143096   1183.791736
        4122224.221846  386396.677454   1183.882768
        4122219.959201  386420.044978   1184.520375
        4122217.961711  386385.965474   1183.756891
        4122213.553392  386404.525757   1184.081349
        4122212.362248  386380.891309   1183.710339
        4122208.488783  386411.289738   1184.201313
        4122205.748786  386388.018747   1183.633596
        4122205.513019  386399.999806   1184.030143
        4122197.074717  386382.110641   1183.680234
        4122190.997091  386415.849294   1183.654618
        4122188.467446  386398.948907   1183.586854
        4122185.820075  386382.740919   1183.698803
        4122171.660382  386385.077196   1184.051051
        4122333.431635  386363.800235   1184.136752
        4122314.345938  386376.463712   1183.824691
        4122307.419188  386363.429776   1183.895687
        4122306.068076  386354.748834   1183.993562
        4122297.960473  386363.200587   1183.950469
        4122297.885119  386375.091283   1183.660744
        4122297.161895  386354.987400   1184.001336
        4122292.137385  386366.649809   1183.916770
        4122282.095536  386353.951998   1184.122123
        4122279.693296  386371.227241   1183.925406
        4122266.804178  386361.897027   1184.177560
        4122261.771784  386372.412187   1184.013498
        4122256.911905  386360.621717   1184.074100
        4122253.903451  386375.105230   1183.945308
        4122248.537836  386359.994898   1184.022556
        4122239.389500  386355.609180   1183.842522
        4122235.872776  386362.429552   1183.822607
        4122233.574327  386366.938715   1183.841457
        4122230.521539  386356.628311   1183.928916
        4122229.283943  386364.128145   1183.823011
        4122222.700362  386363.909378   1183.911414
        4122214.641296  386362.280781   1183.920900
        4122206.687173  386366.429982   1183.822336
        4122206.578338  386356.696961   1183.746992
        4122198.070089  386361.935462   1183.599673
        4122192.474279  386371.703826   1183.539091
        4122184.768578  386361.320262   1183.595343
        4122179.418727  386369.243457   1183.664546
        4122176.252686  386354.675740   1183.739784
        4122168.156631  386374.172240   1183.727733
        4122152.425904  386359.243797   1183.832372
        4122151.926142  386364.223854   1183.822769
        4122340.119171  386348.009347   1184.199223
        4122330.478391  386351.033535   1184.016875
        4122324.550315  386343.455781   1183.964107
        4122317.964313  386349.572136   1183.933274
        4122308.018939  386346.666922   1184.046819
        4122295.477017  386336.050261   1183.924793
        4122275.963418  386345.785829   1184.138387
        4122272.331052  386336.060092   1183.737669
        4122270.547271  386349.817343   1184.080690
        4122261.236799  386352.359602   1184.064749
        4122259.494956  386340.479830   1183.910549
        4122251.000350  386339.035119   1184.041346
        4122250.556651  386349.353681   1183.914609
        4122247.461088  386344.040044   1184.194048
        4122244.043778  386336.629534   1184.328868
        4122235.959973  386350.294168   1184.001051
        4122232.655662  386339.766031   1184.349282
        4122224.849487  386342.885823   1184.279786
        4122222.594845  386349.451200   1184.176193
        4122218.759859  386352.744506   1184.098124
        4122211.306411  386342.273574   1184.013949
        4122208.212408  386350.709851   1183.904867
        4122203.561382  386337.220691   1183.694150
        4122197.188777  386346.956414   1183.505741
        4122188.722005  386335.705678   1183.736737
        4122180.754023  386343.313779   1183.834444
        4122173.600346  386342.359528   1183.932701
        4122166.527368  386348.163295   1183.989339
        4122157.865550  386349.168598   1183.971029
        4122157.255048  386335.471541   1183.947900
        4122148.221911  386344.902712   1183.814174
        4122144.726452  386337.204096   1183.882263
        4122342.430896  386330.287625   1184.139304
        4122318.828409  386330.249905   1184.365566
        4122308.919073  386331.086520   1184.239819
        4122300.653975  386324.061296   1183.897315
        4122292.697582  386330.179648   1183.752215
        4122292.509344  386318.736333   1183.767093
        4122287.964448  386322.417450   1183.886746
        4122286.535454  386331.495789   1183.793920
        4122279.505732  386332.354852   1183.769920
        4122277.888191  386324.893803   1183.785882
        4122269.401971  386330.157417   1183.871539
        4122258.737000  386329.074076   1184.012594
        4122257.306274  386321.930688   1184.059015
        4122254.085048  386318.151763   1184.108605
        4122253.731996  386330.227089   1184.133061
        4122243.303522  386324.795749   1184.317363
        4122238.778304  386319.093403   1184.380076
        4122236.120249  386323.387688   1184.470155
        4122233.384806  386318.005584   1184.398579
        4122230.317167  386322.787041   1184.414247
        4122225.706939  386318.481656   1184.224281
        4122222.574698  386324.281138   1184.163738
        4122221.645746  386331.100290   1184.230369
        4122218.331808  386317.939265   1183.945877
        4122207.513081  386327.084171   1183.930589
        4122196.610866  386333.264971   1183.609861
        4122195.649689  386322.100675   1183.897612
        4122186.562623  386322.607050   1184.116705
        4122169.504848  386323.336502   1184.019112
        4122167.967429  386331.076020   1183.997939
        4122159.723248  386321.626179   1183.935110
        4122145.324915  386318.341899   1183.914789
        4122340.750576  386305.146330   1184.274982
        4122339.454986  386316.110348   1184.085123
        4122328.173993  386314.087536   1184.531664
        4122322.583319  386307.665561   1184.607831
        4122318.001406  386304.446543   1184.585800
        4122316.447037  386314.993436   1184.435488
        4122300.111737  386302.802036   1184.045327
        4122295.460433  386306.088644   1183.926385
        4122295.153016  386300.737863   1184.047845
        4122282.651935  386309.558633   1183.798001
        4122277.818223  386315.957200   1183.720701
        4122276.187520  386308.253647   1183.814377
        4122273.109165  386301.274169   1183.900231
        4122270.073585  386313.406056   1183.768774
        4122265.714740  386315.879345   1183.768759
        4122264.525629  386305.435579   1183.831819
        4122257.744526  386312.487951   1183.971781
        4122247.390687  386309.298919   1184.030026
        4122246.082151  386304.325153   1184.027291
        4122235.158725  386308.383078   1184.033955
        4122227.890696  386308.895683   1184.087238
        4122219.831469  386312.092346   1184.001021
        4122219.599182  386300.443457   1184.049466
        4122212.448584  386304.485462   1183.969392
        4122205.944637  386309.033430   1184.008790
        4122197.509918  386310.088212   1184.126375
        4122195.065373  386314.635941   1184.080379
        4122189.985444  386307.987553   1184.226008
        4122185.286514  386309.800489   1184.148450
        4122161.421288  386313.941035   1183.834580
        4122155.436156  386306.265995   1183.821632
        4122142.428663  386302.265606   1183.903041
        4122342.428264  386285.040937   1184.124869
        4122324.313976  386298.008853   1184.798732
        4122317.015064  386283.524999   1184.788966
        4122307.380293  386299.899408   1184.371652
        4122294.964726  386284.928869   1184.381817
        4122285.507758  386299.280468   1184.030482
        4122277.116952  386290.367642   1184.355219
        4122273.469443  386284.950662   1184.555658
        4122268.917923  386289.913728   1184.302905
        4122261.792773  386282.145856   1184.432216
        4122258.300879  386294.220246   1183.997842
        4122249.693016  386295.291819   1183.966412
        4122248.265081  386282.495083   1184.403911
        4122246.085727  386299.493204   1183.880639
        4122245.423265  386288.105282   1184.190689
        4122237.211559  386291.094657   1184.114709
        4122232.779281  386287.504266   1184.271912
        4122227.195756  386299.331549   1184.075895
        4122225.824402  386289.782186   1184.252464
        4122218.492948  386283.558505   1184.193956
        4122215.994479  386296.651176   1184.166440
        4122200.947652  386291.846799   1184.174367
        4122200.736330  386286.523077   1184.165004
        4122199.324982  386299.346404   1184.119212
        4122192.859144  386298.043240   1184.201388
        4122191.204398  386283.053066   1184.113068
        4122181.122457  386289.620448   1184.069276
        4122170.438402  386298.191752   1183.941515
        4122163.484404  386287.765712   1183.951343
        4122162.957375  386297.544774   1183.902493
        4122156.092571  386289.581370   1183.959558
        4122150.189092  386290.421748   1184.041586
        4122331.961252  386266.759837   1184.199196
        4122327.113360  386275.647530   1184.302646
        4122323.788416  386260.117398   1184.390926
        4122306.211059  386276.404598   1184.626061
        4122303.747924  386264.623278   1184.744067
        4122302.097957  386281.312723   1184.581584
        4122295.588325  386258.376789   1184.754200
        4122293.154017  386269.489358   1184.599190
        4122289.842893  386278.801243   1184.448937
        4122281.884828  386277.985448   1184.480341
        4122276.659433  386256.228935   1184.687756
        4122270.157712  386271.276074   1184.602998
        4122262.599069  386260.013121   1184.670897
        4122258.229882  386271.186397   1184.513648
        4122254.230319  386279.598444   1184.401163
        4122250.337952  386269.806347   1184.631454
        4122245.234635  386269.588430   1184.600473
        4122239.998933  386272.966431   1184.548558
        4122229.954995  386271.300707   1184.338074
        4122223.847674  386277.237621   1184.341109
        4122222.945015  386260.101372   1184.225823
        4122217.967921  386266.854823   1184.238871
        4122217.103296  386278.829622   1184.311691
        4122206.068330  386273.376806   1184.112664
        4122203.396826  386268.753951   1184.058012
        4122200.211392  386279.299706   1184.162553
        4122199.276890  386261.363976   1184.100973
        4122187.151618  386267.973295   1184.117420
        4122173.283733  386264.389658   1183.945597
        4122171.751045  386275.115186   1183.843984
        4122164.715946  386256.603671   1184.045487
        4122156.443363  386271.634293   1184.096094
        4122318.344347  386245.948828   1184.758117
        4122301.419859  386240.254865   1185.026093
        4122299.797631  386255.440574   1184.858820
        4122287.365098  386241.262043   1184.927850
        4122281.578055  386245.134054   1184.809387
        4122279.421547  386234.550537   1184.839173
        4122271.890819  386229.630864   1184.738435
        4122262.787771  386232.377974   1184.775610
        4122258.637263  386254.895783   1184.581869
        4122250.593479  386236.437684   1184.641768
        4122248.329219  386251.337858   1184.392741
        4122244.375611  386242.171470   1184.462959
        4122240.703464  386226.619602   1184.802494
        4122238.253003  386255.634480   1184.342600
        4122232.870755  386253.571349   1184.335245
        4122227.610281  386223.433862   1184.766150
        4122225.589947  386246.648907   1184.384168
        4122223.489265  386237.885606   1184.524571
        4122220.692968  386233.785666   1184.658455
        4122214.217404  386250.041655   1184.274390
        4122212.226401  386220.052239   1184.707447
        4122210.830078  386230.532084   1184.557386
        4122200.206881  386236.888820   1184.340143
        4122199.880431  386243.124820   1184.201911
        4122190.160966  386236.664739   1184.338276
        4122188.248452  386249.219763   1183.969325
        4122176.174803  386246.647477   1184.094072
        4122490.743795  386409.488769   1185.012449
        4122496.472107  386245.860511   1184.827971
        4122404.902790  386110.023236   1184.910897
        4122251.037793  386053.993879   1185.301495
        4122093.574869  386099.114340   1184.079200
